6252689
6253427
6267672
6267917
6286689
6305247
6305374
6306697
6308873
6309155
6310760
7944248

7951176

7952477

7952767

7952999

7953711

7954120

7954567

7958638

7991868

7992132

8002411

8005852

8006270

8006650

8044794

8045941

8046989

8047775

8047843

8054007

8055380

8098151

8230311

8236991

8237013

8240861

8242745

8243364

8245332

8247311

8247801

8287527

8299330

8336970

8337642

8339970

8344921

8381186

8385442

8523082

8542242

8543338

8543577

8587907

8588628

8589129

8589847

8605632

8652108

8698294

8707085

8712992

8962913

8963453

8965379

8965774

9029185

9052985

9105503

9113019

9114210

9291442

9297769

9304074

9308153

9308453

9308955

9312455

9322759

9353527

9354340

9360438

9369216

9358756

9423781

9430642

9489861

9704686

9704827

9705145

9708888

9713794

9716340

9720085

9789470

9792459

10316752

10317078

10319446

10388400

10388438

10401128

10402195

10433859

10776432

10776727

10776803

10776856

10784205

10958723

10959141

10959679

10962682

11245882

11246243

11246671

11248558

11327326

11344299

11346135

11353938

11354497

11437422

11502361

12219150

12220358

12231624

12232190

12234775

12235858

12277486

12278355

12286070

12328679

12328800

12464957

12471535

12478306

12479038

12480575

12506048

12520997

12528750

12533127

12533987

12536268

12576163

12578992

12598284

12681766

12688320

12692296

12692591

12803167

12804923

12808259

12815743

12823635

12868279

12869072

12870000

12871419

12875496

12972373

12972659

12975207

12984122

13134426

13136794

13143656

13145682

13146403

13147375

13188151

13190476

13195092

13195943

13295738

13301448

13301952

13342292

13342400

13352486

13352536

13354388

13490583

13493378

13540963

13545519

13549611

13559772

13611148

13622963

13623180

13659978

13662273

13676054

13676414

13713450

13720841

13721143

13731770

13951101

14007479

14015044

14017118

14017869

14024312

14071700

14268159

14268327

14272550

14273723

14274145

14279617

14279849

14337530

14339276

14345654

14348918

14393201

14393806

14398623

14433212

14444512

14457144

14507042

14635863

14635976

14636507

14644049

14750149

14761668

14764951

14776345

14782086

14876891

14879197

15101247

15106285

15120122

15122054

15134308

15169896

15181733

15195678

15259519

15271475

15271544

15295726

15305827

15312557

15313209

15321119

15488286

15536117

15544685

15546794

15561824

15612020

15614939

15621770

15623975

15629211

15641835

15681400

15683520

15687784

15756708

15912630

15912939

15990953

15992178

16003033

16007034

16016959

16053666

16053853

16065875

16068861

16072578

16079333

16080354

16121902

16130166

16131688

16132869

16144054

16149382

16183306

16195777

16209506

16345361

16346909

16349283

16353980

16361014

16368327

16418919

16422405

16429365

16431129

16433048

16439246

16496868

16500485

16500563

16549151

16549186

16552710

16556672

16569019

16577246

16598671

16610599

16624450

16628053

16768947

16774344

16774383

16776549

16780290

16787276

16788049

16797511

16849127

16852240

16858156

16864487

16938948

16939616

16947517

16984674

16992657

16995397

16997283

17014616

17047463

17060429

17230640

17233293

17236300

17248928

17260915

17262444

17324216

17328482

17330861

17341018

17341750

17344865

17490741

17496499

17746440

17750050

17753385

17754379

17768990

17934307

17934830

17935829

17949771

18316835

18317996

18318525

18318787

18445495

18452981

18466052

18469658

18657714

18774937

18869134

18875875

18877396

18877719

18877901

18878416

18879887

18880476

19027277

19050890

19064360

19116572

19116939

19137869

19276285

19282832

19300053

19546261

19546483

19546592

19547064

19547577

19550511

19552098

19553627

19562517

19569447

19572452

19572806

19626495

19798756

19801375

19805389

20204293

20210334

20211129

20223098

20233816

20235279

20236365

20248701

20288442

20291833

20299023

20300520

20300880

20531472

20536003

20545824

20546588

20547769

20549041

20551583

20552833

20556016

20557068

20578943

20612239

20622500

20643217

20697461

20707775

21775331

22363769

22597737

22599048

22600415

22600837

22624808

22694555

22694874

22695722

22713242

22713472
